4.216000 0.418000 234.840000 18.400000 0.000000 1.000000 17.000000
5.360000 0.436000 233.630000 23.000000 0.000000 1.000000 16.000000
5.374000 0.498000 233.290000 23.000000 0.000000 2.000000 17.000000
5.388000 0.502000 233.740000 23.000000 0.000000 1.000000 17.000000
3.666000 0.528000 235.680000 15.800000 0.000000 1.000000 17.000000
3.520000 0.522000 235.020000 15.000000 0.000000 2.000000 17.000000
3.702000 0.520000 235.090000 15.800000 0.000000 1.000000 17.000000
3.700000 0.520000 235.220000 15.800000 0.000000 1.000000 17.000000
3.668000 0.510000 233.990000 15.800000 0.000000 1.000000 17.000000
3.662000 0.510000 233.860000 15.800000 0.000000 2.000000 16.000000
4.448000 0.498000 232.860000 19.600000 0.000000 1.000000 17.000000
5.412000 0.470000 232.780000 23.200000 0.000000 1.000000 17.000000
5.224000 0.478000 232.990000 22.400000 0.000000 1.000000 16.000000
5.268000 0.398000 232.910000 22.600000 0.000000 2.000000 17.000000
4.054000 0.422000 235.240000 17.600000 0.000000 1.000000 17.000000
3.384000 0.282000 237.140000 14.200000 0.000000 0.000000 17.000000
3.270000 0.152000 236.730000 13.800000 0.000000 0.000000 17.000000
3.430000 0.156000 237.060000 14.400000 0.000000 0.000000 17.000000
3.266000 0.000000 237.130000 13.800000 0.000000 0.000000 18.000000
3.728000 0.000000 235.840000 16.400000 0.000000 0.000000 17.000000
5.894000 0.000000 232.690000 25.400000 0.000000 0.000000 16.000000
7.706000 0.000000 230.980000 33.200000 0.000000 0.000000 17.000000
7.026000 0.000000 232.210000 30.600000 0.000000 0.000000 16.000000
5.174000 0.000000 234.190000 22.000000 0.000000 0.000000 17.000000
4.474000 0.000000 234.960000 19.400000 0.000000 0.000000 17.000000
3.248000 0.000000 236.660000 13.600000 0.000000 0.000000 17.000000
3.236000 0.000000 235.840000 13.600000 0.000000 0.000000 17.000000
3.228000 0.000000 235.600000 13.600000 0.000000 0.000000 17.000000
3.258000 0.000000 235.490000 13.800000 0.000000 0.000000 17.000000
3.178000 0.000000 235.280000 13.400000 0.000000 0.000000 17.000000
2.720000 0.000000 235.060000 11.600000 0.000000 0.000000 17.000000
3.758000 0.076000 234.170000 16.400000 0.000000 0.000000 17.000000
4.342000 0.090000 233.770000 18.400000 0.000000 0.000000 16.000000
4.512000 0.000000 233.620000 19.200000 0.000000 0.000000 17.000000
4.058000 0.200000 234.680000 17.600000 0.000000 0.000000 17.000000
2.472000 0.058000 236.940000 10.400000 0.000000 0.000000 17.000000
2.790000 0.180000 237.520000 11.800000 0.000000 0.000000 18.000000
2.624000 0.144000 238.200000 11.000000 0.000000 0.000000 17.000000
2.772000 0.118000 238.280000 11.600000 0.000000 0.000000 17.000000
3.740000 0.108000 236.930000 16.400000 0.000000 16.000000 18.000000
4.928000 0.202000 235.010000 21.000000 0.000000 37.000000 16.000000
6.052000 0.192000 232.930000 26.200000 0.000000 37.000000 17.000000
6.752000 0.186000 232.120000 29.000000 0.000000 36.000000 17.000000
6.474000 0.144000 231.850000 27.800000 0.000000 37.000000 16.000000
6.308000 0.116000 232.250000 27.000000 0.000000 36.000000 17.000000
4.464000 0.136000 234.660000 19.000000 0.000000 37.000000 16.000000
3.396000 0.148000 236.200000 15.000000 0.000000 22.000000 18.000000
3.090000 0.152000 237.070000 13.800000 0.000000 12.000000 17.000000
3.730000 0.144000 235.780000 16.400000 0.000000 27.000000 17.000000
2.308000 0.160000 237.430000 9.600000 0.000000 1.000000 17.000000
2.388000 0.158000 237.260000 10.000000 0.000000 1.000000 17.000000
4.598000 0.100000 234.250000 21.400000 0.000000 20.000000 17.000000
4.524000 0.076000 234.200000 19.600000 0.000000 9.000000 17.000000
4.202000 0.082000 234.310000 17.800000 0.000000 1.000000 17.000000
4.472000 0.000000 233.290000 19.200000 0.000000 1.000000 16.000000
2.852000 0.000000 235.610000 12.000000 0.000000 1.000000 17.000000
2.928000 0.000000 235.250000 12.400000 0.000000 1.000000 17.000000
2.940000 0.000000 236.040000 12.400000 0.000000 2.000000 17.000000
2.934000 0.000000 235.510000 12.400000 0.000000 1.000000 17.000000
2.926000 0.000000 235.680000 12.400000 0.000000 1.000000 17.000000
3.452000 0.000000 235.200000 15.200000 0.000000 1.000000 17.000000
4.870000 0.000000 233.740000 20.800000 0.000000 1.000000 17.000000
4.868000 0.000000 233.840000 20.800000 0.000000 1.000000 17.000000
4.866000 0.000000 233.790000 20.800000 0.000000 1.000000 17.000000
3.176000 0.000000 235.500000 13.800000 0.000000 1.000000 17.000000
2.920000 0.000000 235.840000 12.400000 0.000000 1.000000 17.000000
2.930000 0.000000 236.150000 12.400000 0.000000 1.000000 17.000000
2.912000 0.050000 235.810000 12.400000 0.000000 1.000000 17.000000
2.608000 0.052000 235.410000 11.000000 0.000000 1.000000 17.000000
2.714000 0.162000 234.820000 11.600000 0.000000 0.000000 17.000000
3.538000 0.086000 233.760000 15.600000 0.000000 1.000000 16.000000
6.072000 0.000000 232.480000 26.400000 0.000000 27.000000 17.000000
4.536000 0.000000 233.540000 19.400000 0.000000 1.000000 17.000000
4.408000 0.000000 232.320000 18.800000 0.000000 1.000000 16.000000
2.912000 0.048000 234.020000 13.000000 0.000000 1.000000 17.000000
2.326000 0.054000 234.760000 9.800000 0.000000 1.000000 17.000000
2.264000 0.054000 234.670000 9.600000 0.000000 1.000000 17.000000
2.270000 0.054000 235.270000 9.600000 0.000000 1.000000 17.000000
2.258000 0.054000 235.120000 9.600000 0.000000 1.000000 17.000000
2.188000 0.068000 235.800000 9.200000 0.000000 1.000000 17.000000
2.978000 0.166000 234.810000 13.200000 0.000000 1.000000 17.000000
4.200000 0.174000 234.380000 17.800000 0.000000 1.000000 17.000000
4.204000 0.186000 234.200000 17.800000 0.000000 1.000000 16.000000
4.218000 0.178000 233.980000 18.000000 0.000000 1.000000 17.000000
2.786000 0.188000 234.990000 12.000000 0.000000 2.000000 17.000000
2.540000 0.088000 234.670000 10.800000 0.000000 4.000000 17.000000
2.496000 0.080000 233.920000 10.600000 0.000000 3.000000 17.000000
2.336000 0.070000 233.510000 10.000000 0.000000 1.000000 16.000000
2.322000 0.000000 233.440000 9.800000 0.000000 0.000000 17.000000
2.448000 0.000000 233.640000 10.600000 0.000000 1.000000 17.000000
4.298000 0.000000 232.390000 18.400000 0.000000 1.000000 16.000000
4.230000 0.090000 232.250000 18.200000 0.000000 1.000000 17.000000
4.230000 0.090000 232.320000 18.200000 0.000000 2.000000 16.000000
3.924000 0.084000 232.790000 17.000000 0.000000 1.000000 17.000000
4.218000 0.090000 232.090000 18.000000 0.000000 1.000000 17.000000
4.224000 0.090000 231.960000 18.200000 0.000000 1.000000 16.000000
4.070000 0.088000 231.990000 17.400000 0.000000 1.000000 17.000000
3.612000 0.090000 232.360000 15.600000 0.000000 2.000000 16.000000
3.458000 0.090000 232.710000 14.800000 0.000000 1.000000 17.000000
3.434000 0.090000 232.010000 14.800000 0.000000 1.000000 16.000000
3.366000 0.000000 232.780000 14.400000 0.000000 1.000000 17.000000
3.404000 0.082000 233.080000 14.600000 0.000000 2.000000 16.000000
3.382000 0.074000 233.690000 14.400000 0.000000 0.000000 17.000000
3.616000 0.106000 234.440000 15.400000 0.000000 4.000000 17.000000
3.476000 0.092000 234.600000 14.800000 0.000000 3.000000 17.000000
3.394000 0.064000 235.120000 14.400000 0.000000 0.000000 17.000000
3.400000 0.000000 234.280000 14.400000 0.000000 1.000000 17.000000
3.414000 0.000000 234.190000 14.400000 0.000000 1.000000 17.000000
3.432000 0.000000 234.690000 14.600000 0.000000 1.000000 16.000000
3.418000 0.000000 234.260000 14.600000 0.000000 2.000000 17.000000
3.392000 0.000000 233.300000 14.400000 0.000000 1.000000 17.000000
3.394000 0.000000 233.430000 14.400000 0.000000 1.000000 17.000000
3.394000 0.000000 233.450000 14.400000 0.000000 1.000000 16.000000
3.406000 0.000000 233.910000 14.400000 0.000000 2.000000 17.000000
3.420000 0.000000 234.430000 14.600000 0.000000 1.000000 17.000000
3.418000 0.000000 234.340000 14.400000 0.000000 1.000000 17.000000
3.422000 0.052000 234.580000 14.600000 0.000000 1.000000 17.000000
3.332000 0.000000 234.020000 14.200000 0.000000 1.000000 16.000000
3.316000 0.046000 234.290000 14.000000 0.000000 1.000000 17.000000
3.334000 0.000000 234.360000 14.200000 0.000000 2.000000 17.000000
3.262000 0.052000 232.640000 14.000000 0.000000 0.000000 17.000000
3.476000 0.064000 232.960000 14.800000 0.000000 3.000000 16.000000
3.620000 0.090000 233.470000 15.400000 0.000000 5.000000 17.000000
3.610000 0.084000 234.980000 15.200000 0.000000 5.000000 17.000000
3.646000 0.138000 234.340000 15.400000 0.000000 5.000000 17.000000
3.614000 0.192000 233.920000 15.400000 0.000000 5.000000 17.000000
3.408000 0.162000 233.940000 14.400000 0.000000 2.000000 16.000000
3.388000 0.134000 233.720000 14.400000 0.000000 1.000000 17.000000
3.372000 0.132000 233.200000 14.400000 0.000000 2.000000 17.000000
3.370000 0.132000 233.100000 14.400000 0.000000 1.000000 16.000000
3.342000 0.120000 232.290000 14.400000 0.000000 1.000000 17.000000
3.284000 0.000000 232.450000 14.000000 0.000000 2.000000 16.000000
3.276000 0.000000 231.970000 14.000000 0.000000 1.000000 17.000000
3.382000 0.130000 232.420000 14.400000 0.000000 2.000000 17.000000
3.418000 0.160000 233.380000 14.600000 0.000000 1.000000 16.000000
3.396000 0.158000 232.690000 14.600000 0.000000 1.000000 17.000000
3.406000 0.158000 233.200000 14.600000 0.000000 2.000000 16.000000
3.406000 0.158000 233.260000 14.600000 0.000000 1.000000 17.000000
3.392000 0.156000 232.840000 14.400000 0.000000 1.000000 17.000000
3.378000 0.154000 232.390000 14.400000 0.000000 2.000000 16.000000
3.368000 0.154000 232.140000 14.400000 0.000000 1.000000 17.000000
3.350000 0.152000 231.570000 14.400000 0.000000 1.000000 16.000000
3.352000 0.152000 231.660000 14.400000 0.000000 2.000000 17.000000
3.364000 0.154000 232.220000 14.400000 0.000000 1.000000 16.000000
3.380000 0.156000 232.810000 14.400000 0.000000 1.000000 17.000000
3.404000 0.160000 233.770000 14.400000 0.000000 1.000000 17.000000
3.378000 0.156000 232.820000 14.400000 0.000000 2.000000 16.000000
3.388000 0.158000 233.220000 14.400000 0.000000 1.000000 17.000000
3.376000 0.156000 232.840000 14.400000 0.000000 1.000000 17.000000
3.254000 0.000000 232.750000 13.800000 0.000000 0.000000 16.000000
3.214000 0.078000 232.640000 13.800000 0.000000 0.000000 17.000000
3.202000 0.078000 232.200000 13.800000 0.000000 0.000000 16.000000
3.202000 0.078000 232.200000 13.800000 0.000000 0.000000 17.000000
3.212000 0.078000 232.580000 13.800000 0.000000 0.000000 16.000000
3.206000 0.078000 232.400000 13.800000 0.000000 0.000000 17.000000
3.214000 0.078000 232.660000 13.800000 0.000000 0.000000 17.000000
3.206000 0.078000 232.430000 13.800000 0.000000 0.000000 16.000000
3.222000 0.078000 233.020000 13.800000 0.000000 0.000000 17.000000
3.216000 0.076000 232.800000 13.800000 0.000000 0.000000 16.000000
3.216000 0.078000 232.790000 13.800000 0.000000 0.000000 17.000000
3.194000 0.078000 231.980000 13.600000 0.000000 0.000000 16.000000
3.278000 0.000000 232.880000 14.000000 0.000000 0.000000 17.000000
3.282000 0.000000 232.520000 14.000000 0.000000 0.000000 17.000000
3.292000 0.000000 232.870000 14.000000 0.000000 0.000000 16.000000
3.316000 0.000000 233.780000 14.000000 0.000000 0.000000 17.000000
3.370000 0.080000 233.690000 14.400000 0.000000 0.000000 17.000000
3.420000 0.144000 234.040000 14.600000 0.000000 0.000000 17.000000
3.410000 0.142000 233.930000 14.600000 0.000000 0.000000 16.000000
3.400000 0.140000 233.620000 14.400000 0.000000 0.000000 17.000000
3.400000 0.140000 233.640000 14.400000 0.000000 0.000000 17.000000
3.388000 0.140000 233.260000 14.400000 0.000000 0.000000 16.000000
3.370000 0.086000 233.900000 14.400000 0.000000 0.000000 17.000000
3.332000 0.000000 233.680000 14.200000 0.000000 0.000000 17.000000
3.310000 0.000000 232.830000 14.200000 0.000000 0.000000 17.000000
3.312000 0.000000 233.000000 14.200000 0.000000 0.000000 16.000000
3.314000 0.000000 233.080000 14.200000 0.000000 0.000000 17.000000
3.302000 0.000000 232.690000 14.200000 0.000000 0.000000 16.000000
3.302000 0.000000 232.910000 14.000000 0.000000 0.000000 17.000000
3.300000 0.000000 232.870000 14.000000 0.000000 0.000000 17.000000
3.290000 0.000000 232.420000 14.000000 0.000000 0.000000 16.000000
3.286000 0.000000 232.310000 14.000000 0.000000 0.000000 17.000000
3.230000 0.052000 232.790000 13.800000 0.000000 0.000000 16.000000
3.218000 0.078000 233.050000 13.800000 0.000000 0.000000 17.000000
3.258000 0.076000 234.570000 13.800000 0.000000 0.000000 17.000000
3.264000 0.076000 234.790000 13.800000 0.000000 0.000000 17.000000
3.260000 0.076000 234.600000 13.800000 0.000000 0.000000 17.000000
3.262000 0.076000 234.540000 13.800000 0.000000 0.000000 17.000000
3.264000 0.076000 234.600000 13.800000 0.000000 0.000000 16.000000
3.238000 0.076000 233.770000 13.800000 0.000000 0.000000 17.000000
3.228000 0.078000 233.500000 13.800000 0.000000 0.000000 17.000000
3.222000 0.078000 233.270000 13.800000 0.000000 0.000000 17.000000
3.226000 0.078000 233.370000 13.800000 0.000000 0.000000 16.000000
3.206000 0.078000 232.640000 13.600000 0.000000 0.000000 17.000000
3.188000 0.080000 231.950000 13.600000 0.000000 0.000000 16.000000
3.196000 0.080000 232.210000 13.600000 0.000000 0.000000 17.000000
3.204000 0.078000 232.500000 13.600000 0.000000 0.000000 16.000000
3.232000 0.078000 233.630000 13.800000 0.000000 0.000000 17.000000
3.254000 0.074000 234.430000 13.800000 0.000000 0.000000 17.000000
3.376000 0.050000 234.630000 14.400000 0.000000 0.000000 17.000000
3.372000 0.048000 235.050000 14.200000 0.000000 0.000000 17.000000
3.366000 0.048000 234.960000 14.200000 0.000000 0.000000 17.000000
3.386000 0.050000 235.770000 14.200000 0.000000 0.000000 17.000000
3.496000 0.146000 236.760000 14.800000 0.000000 0.000000 17.000000
3.426000 0.146000 234.590000 14.600000 0.000000 0.000000 17.000000
3.440000 0.148000 235.130000 14.600000 0.000000 0.000000 17.000000
3.440000 0.146000 235.140000 14.600000 0.000000 0.000000 17.000000
3.454000 0.150000 235.750000 14.600000 0.000000 0.000000 17.000000
3.450000 0.150000 235.690000 14.600000 0.000000 0.000000 17.000000
3.480000 0.154000 236.860000 14.600000 0.000000 0.000000 17.000000
3.474000 0.152000 236.720000 14.600000 0.000000 0.000000 17.000000
3.456000 0.150000 236.050000 14.600000 0.000000 0.000000 17.000000
1.832000 0.170000 237.540000 8.400000 0.000000 0.000000 17.000000
2.044000 0.102000 237.440000 9.400000 0.000000 0.000000 18.000000
3.354000 0.000000 237.000000 14.000000 0.000000 0.000000 17.000000
3.282000 0.074000 235.550000 13.800000 0.000000 0.000000 17.000000
3.308000 0.074000 236.510000 14.000000 0.000000 0.000000 17.000000
3.314000 0.072000 236.760000 14.000000 0.000000 0.000000 17.000000
3.306000 0.072000 237.110000 13.800000 0.000000 0.000000 17.000000
1.692000 0.054000 238.720000 7.800000 0.000000 0.000000 18.000000
3.342000 0.070000 237.660000 14.000000 0.000000 0.000000 17.000000
3.354000 0.070000 238.200000 14.000000 0.000000 0.000000 17.000000
3.334000 0.072000 237.460000 14.000000 0.000000 0.000000 18.000000
3.330000 0.072000 237.360000 14.000000 0.000000 0.000000 17.000000
2.740000 0.064000 238.130000 12.000000 0.000000 0.000000 17.000000
2.188000 0.060000 237.740000 10.000000 0.000000 0.000000 18.000000
3.330000 0.070000 237.260000 14.000000 0.000000 0.000000 17.000000
3.340000 0.070000 237.690000 14.000000 0.000000 0.000000 17.000000
3.306000 0.072000 236.440000 14.000000 0.000000 0.000000 17.000000
3.044000 0.072000 236.230000 13.200000 0.000000 0.000000 17.000000
1.766000 0.058000 237.700000 8.200000 0.000000 0.000000 18.000000
3.376000 0.000000 235.730000 14.200000 0.000000 0.000000 17.000000
3.414000 0.052000 236.510000 14.400000 0.000000 0.000000 17.000000
3.426000 0.054000 237.110000 14.400000 0.000000 0.000000 17.000000
3.420000 0.054000 237.060000 14.400000 0.000000 0.000000 17.000000
1.876000 0.074000 238.630000 8.600000 0.000000 0.000000 18.000000
3.442000 0.056000 237.580000 14.400000 0.000000 0.000000 17.000000
3.414000 0.054000 236.870000 14.400000 0.000000 0.000000 17.000000
3.412000 0.056000 236.940000 14.400000 0.000000 0.000000 17.000000
2.542000 0.068000 238.170000 11.400000 0.000000 0.000000 18.000000
2.820000 0.062000 237.420000 12.400000 0.000000 0.000000 17.000000
3.410000 0.054000 236.910000 14.400000 0.000000 0.000000 17.000000
3.392000 0.052000 236.240000 14.200000 0.000000 0.000000 17.000000
2.878000 0.060000 237.170000 12.600000 0.000000 0.000000 17.000000
1.848000 0.112000 238.590000 8.400000 0.000000 0.000000 18.000000
3.494000 0.144000 237.430000 14.600000 0.000000 0.000000 17.000000
3.420000 0.000000 237.730000 14.200000 0.000000 0.000000 17.000000
3.226000 0.000000 237.200000 13.800000 0.000000 0.000000 18.000000
1.948000 0.000000 238.410000 9.000000 0.000000 0.000000 17.000000
3.392000 0.000000 236.600000 14.200000 0.000000 0.000000 17.000000
3.368000 0.000000 236.120000 14.200000 0.000000 0.000000 17.000000
3.378000 0.000000 236.540000 14.200000 0.000000 0.000000 17.000000
1.872000 0.000000 238.480000 8.600000 0.000000 0.000000 18.000000
3.212000 0.000000 237.270000 13.600000 0.000000 0.000000 17.000000
3.346000 0.000000 237.060000 14.000000 0.000000 0.000000 17.000000
3.308000 0.072000 236.490000 14.000000 0.000000 0.000000 17.000000
3.302000 0.072000 236.280000 13.800000 0.000000 0.000000 17.000000
2.360000 0.064000 236.890000 10.800000 0.000000 0.000000 18.000000
2.652000 0.046000 236.640000 11.800000 0.000000 0.000000 17.000000
3.392000 0.000000 236.580000 14.200000 0.000000 1.000000 17.000000
3.398000 0.000000 236.830000 14.200000 0.000000 2.000000 17.000000
3.424000 0.046000 237.750000 14.400000 0.000000 1.000000 17.000000
1.860000 0.066000 239.690000 8.400000 0.000000 2.000000 18.000000
3.250000 0.082000 238.950000 13.800000 0.000000 1.000000 17.000000
3.502000 0.172000 236.460000 14.800000 0.000000 1.000000 18.000000
3.484000 0.170000 235.980000 14.600000 0.000000 2.000000 17.000000
3.478000 0.168000 235.850000 14.600000 0.000000 1.000000 17.000000
1.696000 0.194000 238.190000 7.600000 0.000000 2.000000 17.000000
3.494000 0.170000 236.280000 14.800000 0.000000 1.000000 17.000000
3.482000 0.170000 236.400000 14.600000 0.000000 1.000000 17.000000
3.480000 0.170000 236.460000 14.600000 0.000000 2.000000 17.000000
3.474000 0.168000 236.280000 14.600000 0.000000 1.000000 17.000000
2.308000 0.184000 237.330000 10.600000 0.000000 1.000000 18.000000
2.926000 0.178000 237.090000 12.800000 0.000000 2.000000 17.000000
3.472000 0.170000 236.390000 14.600000 0.000000 1.000000 17.000000
3.480000 0.170000 236.750000 14.600000 0.000000 1.000000 17.000000
3.454000 0.168000 235.730000 14.600000 0.000000 2.000000 17.000000
3.464000 0.170000 236.030000 14.600000 0.000000 1.000000 17.000000
1.786000 0.096000 237.680000 8.200000 0.000000 1.000000 18.000000
3.182000 0.000000 235.990000 13.600000 0.000000 1.000000 17.000000
3.378000 0.000000 236.260000 14.200000 0.000000 2.000000 17.000000
3.372000 0.000000 236.030000 14.200000 0.000000 1.000000 17.000000
3.362000 0.000000 235.700000 14.200000 0.000000 1.000000 17.000000
3.112000 0.000000 236.080000 13.400000 0.000000 1.000000 17.000000
1.614000 0.056000 237.310000 7.400000 0.000000 0.000000 17.000000
3.358000 0.000000 236.140000 14.200000 0.000000 0.000000 17.000000
3.388000 0.000000 236.610000 14.200000 0.000000 0.000000 17.000000
3.392000 0.000000 236.930000 14.200000 0.000000 0.000000 17.000000
2.810000 0.000000 237.970000 12.400000 0.000000 0.000000 18.000000
2.180000 0.000000 238.020000 10.000000 0.000000 0.000000 17.000000
3.370000 0.000000 236.060000 14.200000 0.000000 0.000000 17.000000
3.326000 0.000000 234.450000 14.000000 0.000000 0.000000 17.000000
2.778000 0.000000 235.310000 12.000000 0.000000 0.000000 9.000000
2.358000 0.000000 237.100000 9.800000 0.000000 0.000000 0.000000
0.960000 0.054000 238.680000 5.600000 0.000000 0.000000 0.000000
1.606000 0.000000 238.760000 7.800000 0.000000 0.000000 0.000000
2.350000 0.000000 238.590000 9.800000 0.000000 0.000000 0.000000
2.428000 0.068000 238.870000 10.000000 0.000000 0.000000 0.000000
2.078000 0.072000 238.970000 9.200000 0.000000 0.000000 0.000000
0.780000 0.090000 239.930000 4.600000 0.000000 0.000000 0.000000
2.426000 0.068000 239.050000 10.000000 0.000000 0.000000 0.000000
